Y
31.8377690548946
-662.561961481833
324.740578567866
23.4646762761922
275.9493717357
1.78263495544631
-5.56211860165641
12061.8442621965
-1679.49429711567
68.0418479405696
64.8644819090356
1610.36178876819
1733.17345611348
-136.968602952997
146.78747899905
1065.22906301389
-85.7433280568655
1.84591203747328
255.603722012851
1509.91017451845
556.526444392065
-11812.1340839393
260.923636553628
2733.16066751369
3574.41770082422
-116.844008561879
244.922462759488
-6494.49492990712
-6519.35195703557
94.4385076053058
-9972.80043818771
34.9754600655463
-4943.8222762965
-2465.45047367244
-14244.3706086773
-10237.8771131625
-112.740852255395
1619.020971363
36.5149952400594
-3070.87140892051
5.35504608218891
-2450.03817232241
-252.224648875128
0.252709520922023
4650.45682296147
140.489743466763
305.173750515548
-8520.49646275836
10477.4307627756
-20.7492623654799
839.762999215468
88.6637083215807
-8743.48503326399
-4004.9896491167
-688.719018788056
6441.97904548246
-0.259051056867466
39.0778785786616
349.085229162264
-0.226934112559639
1251.58298748135
-106.489528694011
-72.461475929492
185.721278530877
0.807922020967655
86.5684781624334
20932.2651701078
-1.49114034722841
-302.932415159159
-0.199097009496279
-73.1149354746036
-1561.36822749402
-726.029814636008
559.404380953222
-649.173319176497
252.726938109883
2012.86069550773
428.041866168737
118.190556430119
-10.9809045628642
4138.32096714114
0.203576321340943
1.70616731170224
521.069685916592
-0.0707289127587606
139.468466060201
-38.254867357529
-9.05769491484862
613.715414177346
-1438.9652744128
33.2389950101398
506.317823636567
162.162190043058
-16.0361361359026
-4181.11884758361
-84.7805779479448
-1142.64212724365
-1564.06007199587
0.209047440335979
3.10317325515731
2364.11098754229
-668.241399878127
1197.42917974079
-59.4691245363051
51.7290157488841
190.581521229347
-407.168266435728
13144.1639299759
-18.7304493780243
0.558242536174432
-3157.44447024657
-10.5392206771288
286.295022908534
-72.6923399137745
235.780869719706
-0.461271998051542
1359.75736197281
833.401619708123
63.3693101426102
-0.135768076605371
-319.979353363066
-1933.37618731438
-7418.72939664594
1110.62031304925
-274.220951273357
-8617.29139757924
-9064.71458195265
-2940.27648025229
-306.743399521432
-0.824125670308788
6690.13948721798
44.2702818367049
-191.293099397712
-3608.39190012952
-1755.12928817122
-10.922997950331
3263.58076564588
14157.1112822322
1452.53302317193
-8065.03883345236
-3184.6359003074
1093.36411587089
-378.205743921518
525.692823784513
22.4820920249953
-3041.70732706979
-101.399691662344
74.5632266087232
-832.683034022885
-6310.93255675154
-176.40927779736
937.979556418355
-7297.60179016928
-593.900724525142
4442.12691212742
-411.305984920502
-3795.10884869302
-9436.6239490642
3135.87444118925
-2177.41886847326
-826.416844031532
-1267.00995650458
-1.50026582608816
91.0327964318538
3117.61948145755
971.9979525988
-30.6114222036068
-1675.75671617942
-2186.08009278348
185.673110551059
670.011435606064
1726.94768886656
8.31443531624109
127.358524450012
-5819.68487427123
-2.61931235758601
-3483.92826430108
871.12943849497
-785.25260090023
369.445456715616
29.3311997686405
1381.87503061108
7605.37121232162
-875.322916405619
-1121.69996943966
-4412.81699084428
-90.629590218197
-1305.15403862498
-1851.71294202497
-8665.19333102584
23.951624328284
68.2657554823524
-1.61911375002999
2285.48407079392
-85.8886148850479
-25.0065291847824
-732.412644922385
2651.99869162919
3.35514837129516
-348.188069490332
609.304383040239
-10.2343145678414
-9234.27463056138
52.8191392833466
-210.96221057924
1671.08382324882
58.7361808296207
-1809.34769156214
-22.8761018313378
762.650796381124
1193.33227459077
-32.4097131000238
21.9387226978133
4576.3967297355
-110.448170015021
3024.48109514242
-61.2665707570491
-1677.30434464605
1403.53601231965
1521.49606796652
1.03084345086162
-0.34197897105296
-0.450476858762703
-155.980590855023
11959.7774041284
-8394.50088107559
-4219.84522911187
331.041565910083
-280.369089654802
2.38815524875256
34.1397115558524
0.319964134043791
-173.35739308858
3274.67286972465
-1220.18358827493
0.533251507466683
4916.35816016727
-3343.50948440189
1975.81686958065
4530.36310775197
-4139.01108695297
2238.04499146798
-593.990809214939
-9393.94616267018
538.108008768329
85.6978680909733
3308.63748225334
-1307.08705769181
4474.23559846092
-2650.24573380253
-2651.02397092038
-1384.76919689312
37.4591847979648
195.822377018836
-2224.96041044878
559.327881250613
-11061.2462319446
2079.1106045841
-307.042535867898
-366.570426288564
2510.00458183442
8.3689525298136
2.24551538840089
52.3820975443363
6.62705127433228
3536.26512599663
-147.096902319978
61.6872929784921
0.429630008489229
6.59885500303884
-294.698815493519
-978.861790352963
1403.18608670687
6485.07513266828
-1.56473574848409
-57.4849578813453
-1634.95668987211
379.90147878248
23.8206112211002
2715.69947497655
2441.77436388187
8101.77346727136
-27.0119930133486
-14.679321662854
9740.5331406136
16.5378121242365
7659.01978728667
-1081.39928611311
5.10327785351253
-46.7381438106817
-469.845564617857
6901.11346364328
493.228790698689
12885.8099501856
2609.92997674772
-2062.56253046899
3565.96898650037
-3059.0489462878
-1559.49918675643
-37.2631302407892
1.0921698209068
-1848.96469424826
-0.54336497264929
32.5851196856589
-32087.5436091513
4697.67083444357
-4751.50958589099
510.346094655121
-21.5639582044452
-204.080030540001
505.374548536905
-0.636408954898521
1.2183770983935
-2.48642996196621
415.805441663278
516.300965427138
-10905.7914173841
7.51410380137087
-593.553926536981
18.026052130466
-2.50387259936227
-122.930655785112
-19912.032740441
-25159.2229973475
2.52767599767032
17760.6314179862
21759.3890655775
219.272662583066
-905.521668260493
-0.523957683399863
97.87738223725
-0.102068485823402
0.805110979281548
502.991604689447
821.115070717979
257.707000306977
166.823509135812
-1.60642490662164
-307.245044767168
-558.832913054709
-81.6132066886164
-1392.46462666038
2.78944621722792
-328.379930996117
-1953.2260091906
2662.25508516423
-18539.3499810087
-3033.28463201826
616.761369950512
-3997.09969340918
6.1096522966648
-52.301128116726
4102.13636282706
17238.4691781182
-1938.07569146123
17572.8792784558
-19469.5140444763
4483.07777431891
-3207.51076941842
-413.124192354453
-7425.15235272003
418.263728837164
-670.559922316649
12.6984609353245
-714.253571668574
392.014640465274
-4474.26696370161
-29.8585691464744
-0.553765910888673
-38.2839825753066
1774.89703319086
813.976712444983
0.0665051872588521
-9456.86664058654
-3.81578529924179
202.403053054999
-64.4050373696958
-3663.29653493543
0.535102255051947
291.037242499434
-23.9679340479676
-78.068207106076
1939.86421068258
-4569.76071091073
29.6224251147472
-43.3021611515321
-100.662694180137
510.540288789422
-152.289522627196
1930.40391529927
-52.7428761576305
751.886472025977
30.4995549269085
-26.1385843542177
-237.231752782008
-1102.70993541648
380.365442295327
-583.791392630649
152.273745357177
330.896220251034
-1069.47657795777
1759.1169401118
-8.56335660040877
-1.02886934314153
537.814535398594
-5792.36674363886
-24175.4606825555
-94.0324515631955
105.09713156184
667.665812488576
-23285.6319089372
919.728676027535
286.973990850058
106.595359740532
20.0371271068467
-298.197372504469
77.0348832097362
-2887.36630811069
-24.7274339665653
-27311.426672889
-14.4107382732127
0.42809784838572
-803.123609771855
-2075.36811800487
-6.79777419301064
189.200370071702
0.314687231286923
-1072.07641002855
-171.914537765709
-906.880761221876
3764.97922417957
0.818807236752306
-34.7663282534243
-654.96316396862
-3640.48953053295
1.22642038281574
-1754.84357796876
2352.46399697259
646.18795262811
-1721.4230327858
-3297.76008384944
0.156252063209975
6459.75596289739
-519.559415815816
21519.9416004461
1582.30042416808
-20.1608235773829
7413.5426528311
5541.89156419098
6.3102879368696
24636.6722070199
-203.728059990183
-80.5957089833592
1.72647831676328
584.205015748909
-643.630473979847
-0.685033075369996
488.206853893307
5.25640341993622
-31.8912508715894
454.017376385682
738.276685585759
-126.939928400162
-3.30520587977611
98.7809934752574
3.28297784298001
1306.7892140939
149.135192058752
694.475636679764
-229.232539040829
-0.619025906048077
0.412201132606963
-357.252398108489
-15765.1923669905
-2595.80922667548
-1260.37455945503
-1678.15291917055
-53.6003458360524
0.172129142214309
3.34660265851672
-2922.94960202663
-2217.66415782103
-28257.3036725696
45.2972554393359
-196.909180895199
58.0767261266405
68.193793097635
-1176.66191087264
-239.096873307282
-20.455105277847
26884.2710116772
3086.59861133086
496.16116130042
-105.7875317485
6840.63079587729
2515.17064486358
-1726.00924920431
-489.761479899864
2628.77120892844
-1578.39330852298
2.11283336842307
-85.7702605482768
6990.44341889194
6.15939248653591
-240.899391838929
-1312.18354043632
30.4724036414428
742.089854839856
1.56515631594394
-0.604671563892938
3570.62718272057
5028.82705247123
-4395.03866249724
312.491867034651
901.86863539895
181.326033189708
-3082.7978885245
-1018.22054524474
-8.46512585718292
6710.43431593213
23.4703171690066
21581.0907915456
-205.965525321662
849.340629206761
2697.01495445322
389.802190893482
-14647.5130849686
-1096.50669868547
7166.4569240873
-863.702254805023
-6300.11028995867
-83.1046824099642
-4.23978111295996
1.74534775028195
70.3555359297344
-1.2855483837432
0.251681848872062
-62.919076878979
418.92271141495
176.94417007047
-1607.1374638834
-160.566941568932
918.164827823752
125.785493458148
4755.99351187685
-471.594844152325
-4040.7655000901
190.154654751611
-3455.86759335025
-9227.81234906609
-16.0502977042033
-3157.69231682074
-0.943076183092603
-242.086035635813
81.0064342772855
215.813949915136
-5315.8501932007
-47.1722667872455
-869.364060182604
-6490.35825782374
-2095.8314208588
2372.39272805772
-18.3143605801466
-153.557063769838
384.573061017955
5450.65003209253
-465.459044872844
-123.074068586956
-189.854293433992
-25414.539836008
-13.2893296591629
-128.917378123052
-10532.2991244952
5971.20360835344
0.705575314398243
215.303260657692
-317.16556659473
-7008.76520036875
-47.6551230871458
4721.64570587582
-753.878394206965
1494.75425935872
64.3162444811673
0.35286876516756
-2158.20852574314
-3583.05442201618
788.688013253549
-733.497281585924
15899.403515465
-0.475674293042924
12735.5998777579
-4760.33343464377
3100.83239239728
-383.375982543846
-286.178690932894
-285.364823880591
1338.23059489696
-0.287206904577141
-6994.05910505709
-1128.22490086179
317.019146192127
309.679010735025
3056.2099127896
1388.46454434362
163.454847500695
-5284.91945764842
54.0299119541904
-90.4543846493896
-7.7530043015323
330.306219020014
595.456301256379
1385.22231873534
-3240.60125958418
1889.00364295169
0.331673407405482
-198.299237313591
35.2394088008905
-28.4879561349478
1562.49363959509
1960.35440162877
-423.354402052424
-22.1512289030762
17939.6799438676
307.913234881543
-3.25100563751593
145.306040948318
-3138.33561482839
-9.51782078075967
475.932781801233
605.739604786522
0.393063174611989
-0.412921160712644
-0.0675221908009843
-987.496200344234
221.662721062064
64.9260058779503
3632.86959923053
-1502.87517925646
-19677.5258487118
-861.671859398674
236.931846338513
3883.7250472021
-7072.29844767625
162.74101624215
-10322.1509564208
-0.0873362652544208
-914.206508950591
746.2464574792
16.3895142329849
1104.71254214306
-738.72689358028
9.28330393452382
423.919654538605
123.529527021321
-988.860966422892
-0.354368635786142
954.989483429203
627.086598707643
-0.620684855987464
3254.10143544786
-247.813800639239
1000.16303877142
700.744529789913
-3742.73167269659
866.230916276054
1748.98814488058
232.392790455937
363.016888386791
40.2343728011637
-0.441157236812473
-0.0219779191265048
-1188.73896143016
-959.372832799692
9925.97082281267
22380.2347086351
-158.835886597374
35.7773772179932
249.399412123783
0.25484527056581
-1752.12234306231
-789.989486060007
-2935.76764103822
-14462.9215266918
-31.1992496783727
798.570210171041
-388.666242856916
-18.4687333464251
-1024.20954242636
2718.57406300222
310.221741025384
5262.65684016133
483.327308114717
-559.831373711264
1439.52412032251
-390.895723680917
-0.173247285147365
463.520866832848
125.295733915192
-1769.22980619245
-606.710089921022
-11198.0186222186
-257.073804475576
51.7863671733503
-568.432549636398
-8675.0101656156
-0.122769267407115
101.230253313461
-593.833781649413
160.245289916519
-2296.44449374836
4430.44988770319
-13148.8455136495
-4593.87599237275
-89.6489562767728
-2.99621166024307
10530.6987332171
6.92780875500332
-3891.83354242548
3247.66525388033
90.4487679768832
-1684.78031213737
-83.9894744639901
-1122.62222425694
884.143439665312
-37.1535648683693
2074.40536472964
-3.04503689252618
-8624.93182244824
2833.1152386314
-260.549750999212
-1813.43429865843
7714.77216518962
-78.1169175160307
-55.9933085808228
62.6974011746815
176.795738329353
-11853.6566193812
-110.271390982638
7563.49729175247
-66.7828379475264
20.2553668951678
-618.06482559732
5.89388286339463
0.366177618003789
719.515245350501
665.838004746043
-24245.4441337931
-0.953381082932341
-0.298886576571221
230.51509513445
341.789075149687
2886.62153810187
4047.56884809174
158.706403927633
-341.086560809274
1617.00893425713
-495.950712989152
2990.26509506394
1305.48974071248
-2.64627550387879
14355.7056586522
-445.608024533909
-278.78193379743
2.36617368580691
-45.1332345060274
558.534360070458
235.152987306918
-6183.4284429683
57.0940715924256
-4527.85773926061
18716.7161145761
-1.43407486105641
-844.863446228791
-157.376688154435
5.57399776528966
754.027291819745
-785.695191969896
-400.518031995132
-3.97409783313371
558.469016965309
-145.773396373537
-1031.93747861523
454.556050135281
1239.96841556936
-759.795004368813
-34.7958429626856
-134.640222664098
1456.81211584219
-3698.43870553385
11634.9218839534
-0.822502954255289
-5403.47115582601
-6.07157051319771
-3765.69958124741
1.08314321379825
1208.1811660577
-3431.4432728073
5231.79990935327
-33478.0574201405
961.05700767713
7828.94122378588
1989.88844504414
186.284890292741
6.67594299495833
4.09594123031005
36499.191973745
1887.44770890358
-1984.14037234766
6299.69772379159
-400.978193042356
0.575632785271541
-5.70295986181617
1926.65831976364
353.516415972833
970.468052917489
15037.610718654
-394.497313472838
-90.0887963137547
-1237.41014034398
-80.2688085954552
7036.79264563295
664.953578998905
2818.56075526837
-7303.49799620621
10596.6205572124
-430.347881954187
-1034.72745084029
4125.93523758281
1039.23314884868
1.20926773751905
7.45872304824006
-5224.16089537403
2878.55720952188
6075.62310483136
0.119581921012045
9.76643864158464
3541.25299534978
366.544480761342
-413.777214619353
9414.5621054311
1617.69167776142
16551.2955057317
183.471563654137
16060.2118390247
24.1254532792
-1613.57739353489
-1733.23131035974
-285.893087502133
44112.4268812387
-0.447020799984622
62.2876098324701
-113.080597509182
851.575764687523
-82.05842314636
3161.06726114015
3768.32448921991
-225.894646615995
-61.1381234168348
13.3323994736704
-122.265155240512
1625.26246261522
-2756.33440270716
-165.899728578442
118.705571559045
-1690.99172723178
-5092.03095390688
-1691.81978912527
-77.92837698104
13475.9948799283
-22.105393765313
1.11261657119599
-2841.38286269304
-2.57438621880923
4766.37500402953
10635.4138066502
1.23556217781319
342.584131317132
-612.326350672579
3445.70789597619
-0.508924916297619
1.57111846012868
570.95201688738
-1546.93108009279
369.925302124676
-0.591662912211203
-10479.2038330506
-7486.92552543242
-5953.21243431547
-1499.80025456012
283.668918360485
-5017.75431798498
55.741526144012
8.51121250908118
1984.38053693452
-41.308868436852
-0.0605747269779044
-5702.93880804344
3822.78302491174
35.8995098742315
-0.0331609478120605
-12.6127775974458
302.43852554683
-3043.37098844957
-117.918668071398
80.8671343026555
60.7195715431164
1.86574224833608
717.166228121173
137.891209670291
2386.68166781772
-1564.98632752123
2.73938917221823
1.13046652855403
-6151.78514401933
299.420048448926
-676.675498772997
6.82665010455971
217.049350966088
-339.605232304067
43.7170813451285
1.81413778402915
-39.3189772100732
80.9899710128292
-313.785175014823
3956.46868755102
-74.2033514522473
2.79094613705458
-19.7003540377777
26966.3720241777
685.768354059113
-985.800133143328
-10589.218312773
-3581.79595117907
3364.02498958049
-1557.61081448813
340.307789181395
-3.93753493825977
-2981.28381906309
28.0292251581413
119.25625528819
4096.75475977381
62.5488226801181
-1240.65200440167
1.46450439581046
335.140726462734
-429.811712187557
482.651086647246
-613.801090259424
-26.0508041930461
8869.24084156339
3304.05398161219
-9.08963079518024
-2223.15754725592
-1249.97870057956
-576.787771461588
-4319.79911622971
-2.73429656896443
-8839.76336784823
7691.56107570424
-0.68669094273192
1658.16946361137
1040.044745424
-0.384751098510914
792.225819131355
14904.1702367484
164.637537299887
-250.917177911667
-10.3212519307035
1655.17467628103
947.325314815349
1012.64290468754
-169.392443170355
284.15383794306
329.162493619952
-923.475384772078
-451.920624092349
780.265948397628
1654.15337028813
9.54740070719392
65.8407253899521
-9865.8277872192
-51.416420117477
-5811.32514136218
1.1317126290682
-6.60309767247157
-9982.68539607859
-5.28265596863388
-7163.91224072249
437.00068092958
-1.36101655177244
-17.4400901926257
-1916.26747651864
-2002.17019553415
-622.494365414849
5392.90154368033
1453.26725518988
71.6846754295395
-1981.34956392878
1240.96682103562
21955.0037372266
